chi_squared	pval
1.0	0.24197072451914337
2.0	0.10377687435514868
3.0	0.05139344326792309
4.0	0.026995483256594024
5.0	0.014644982561926487
6.0	0.008108695554940242
7.0	0.004553342921640176
8.0	0.002583373169261508
9.0	0.0014772828039793361
10.0	0.0008500366602520334
11.0	0.0004915798500576219
12.0	0.00028546479167585544
13.0	0.00016635055620285914
14.0	9.722650504591441e-05
15.0	5.697125966142744e-05
16.0	3.345755644122135e-05
17.0	1.9687134527509636e-05
18.0	1.1604420995562323e-05
19.0	6.850711634843098e-06
20.0	4.049955478044562e-06
21.0	2.3972225728510414e-06
22.0	1.420559485774422e-06
23.0	8.426740224865428e-07
24.0	5.003462649168527e-07
25.0	2.973439029468599e-07
26.0	1.7684595355550428e-07
27.0	1.0525740966894839e-07
28.0	6.269144836688716e-08
29.0	3.736294316441331e-08
30.0	2.228087334524961e-08
31.0	1.3294277792728047e-08
32.0	7.93639666991658e-09
33.0	4.74017247894717e-09
34.0	2.832464105409804e-09
35.0	1.6932559498948e-09
36.0	1.0126471416372135e-09
37.0	6.058446659530059e-10
38.0	3.6259608558730847e-10
39.0	2.1708777387468438e-10
40.0	1.3001409344135943e-10
41.0	7.788992011916186e-11
42.0	4.667682428855692e-11
43.0	2.7979791707575736e-11
44.0	1.6776645421457448e-11
45.0	1.0061852952688094e-11
46.0	6.036122795060035e-12
47.0	3.621936334519961e-12
48.0	2.1738114975259404e-12
49.0	1.3049600583377996e-12
50.0	7.835433265508656e-13
51.0	4.705607390330184e-13
52.0	2.826518709496402e-13
53.0	1.698119935763033e-13
54.0	1.0203805566165738e-13
55.0	6.13239991194836e-14
56.0	3.686129248526633e-14
57.0	2.216051779460727e-14
58.0	1.3324658702896334e-14
59.0	8.01303138663969e-15
60.0	4.819477793496795e-15
61.0	2.8991016977755963e-15
62.0	1.7441558223677712e-15
63.0	1.0494544928108042e-15
64.0	6.315338854421117e-16
65.0	3.800867460472093e-16
66.0	2.2878112710515647e-16
67.0	1.3772333183447938e-16
68.0	8.291693206091238e-17
69.0	4.992589911179636e-17
70.0	3.0064513407082013e-17
71.0	1.8106177930604678e-17
72.0	1.0905421830205251e-17
73.0	6.569011864962292e-18
74.0	3.9572945371300505e-18
75.0	2.3841652996954988e-18
76.0	1.4365242355507606e-18
77.0	8.656197364687012e-19
78.0	5.216485088194445e-19
79.0	3.1438693156962453e-19
80.0	1.894897820206494e-19
81.0	1.142197063518764e-19
82.0	6.885403272205063e-20
83.0	4.1509740717189e-20
84.0	2.50266190459314e-20
85.0	1.508985692703685e-20
86.0	9.099093303161927e-21
87.0	5.487069697777057e-21
88.0	3.3091124532848246e-21
89.0	1.995770586787216e-21
90.0	1.2037522875785252e-21
91.0	7.260899791687093e-22
92.0	4.3799583891090425e-22
93.0	2.6422577660607807e-22
94.0	1.5940630298572452e-22
95.0	9.617459647110825e-23
96.0	5.802822922508653e-23
97.0	3.501400797934091e-23
98.0	2.112843913572516e-23
99.0	1.2750159401250213e-23
100.0	7.694598626706428e-24
101.0	4.643848498454988e-24
102.0	2.802795444041215e-24
103.0	1.6917089051973584e-24
104.0	1.0211283578748507e-24
105.0	6.163893358235552e-25
106.0	3.720913656037562e-25
107.0	2.2462774387849445e-25
108.0	1.3561138932785072e-25
109.0	8.187429117554283e-26
110.0	4.9433028541319587e-26
111.0	2.9847284882111805e-26
112.0	1.8022293908311356e-26
113.0	1.0882598746447289e-26
114.0	6.571615899264616e-27
115.0	3.968518746857872e-27
116.0	2.3966307145792743e-27
117.0	1.4474045836130103e-27
118.0	8.741674471068645e-28
119.0	5.279768880211181e-28
120.0	3.1889706970822307e-28
121.0	1.9261993213721335e-28
122.0	1.1635009825782188e-28
123.0	7.028244688377707e-29
124.0	4.2456221972800866e-29
125.0	2.5647789484602655e-29
126.0	1.5494316869968932e-29
127.0	9.360705984947802e-30
128.0	5.6553337401749466e-30
129.0	3.4168123479642366e-30
130.0	2.064415285073342e-30
131.0	1.2473428827447606e-30
132.0	7.536805272485182e-31
133.0	4.554085697333152e-31
134.0	2.751866612593381e-31
135.0	1.6628981612988925e-31
136.0	1.0048837937767078e-31
137.0	6.07264329931026e-32
138.0	3.6698749944411217e-32
139.0	2.2178704439966989e-32
140.0	1.3403935049991298e-32
141.0	8.10101684654443e-33
142.0	4.896183415371264e-33
143.0	2.9592836250154723e-33
144.0	1.7886531130525583e-33
145.0	1.0811255392047554e-33
146.0	6.53486257472465e-34
147.0	3.9500898883702105e-34
148.0	2.3877428171290013e-34
149.0	1.4433711813115189e-34
150.0	8.725258320102913e-35
151.0	5.274583944545085e-35
152.0	3.188655839802722e-35
153.0	1.9276868501801335e-35
154.0	1.1653988866394618e-35
155.0	7.045663041578827e-36
156.0	4.2596918030242717e-36
157.0	2.5753924027081106e-36
158.0	1.5571033963537207e-36
159.0	9.414563571725282e-37
160.0	5.692349042607525e-37
161.0	3.4418452074248027e-37
162.0	2.0811315078461242e-37
163.0	1.2583921154058787e-37
164.0	7.609228497611625e-38
165.0	4.601223579273569e-38
166.0	2.7823645017354086e-38
167.0	1.682529127395911e-38
168.0	1.017463749697902e-38
169.0	6.152944428466773e-39
170.0	3.7209569321803415e-39
171.0	2.2502657386562104e-39
172.0	1.3608817770888889e-39
173.0	8.230274677700407e-40
174.0	4.977548680156631e-40
175.0	3.0103977099844905e-40
176.0	1.8207039081555e-40
177.0	1.1011887964304949e-40
178.0	6.660259877290205e-41
179.0	4.028352069733259e-41
180.0	2.436522588420317e-41
181.0	1.4737376073603537e-41
182.0	8.914079820614277e-42
183.0	5.391870175761339e-42
184.0	3.261435688703063e-42
185.0	1.9728071150702083e-42
186.0	1.193347085319267e-42
187.0	7.218637023042699e-43
188.0	4.3666646692897e-43
189.0	2.6415000538529e-43
190.0	1.5979290217960878e-43
191.0	9.66652459856337e-44
192.0	5.847755266741955e-44
193.0	3.5376422142906584e-44
194.0	2.1401511962722802e-44
195.0	1.2947346610964635e-44
196.0	7.832903995635582e-45
197.0	4.738822974042077e-45
198.0	2.8669740517000104e-45
199.0	1.7345330455534422e-45
200.0	1.0494140578386045e-45
201.0	6.34916488759849e-46
202.0	3.84141925442126e-46
203.0	2.3241927047983277e-46
204.0	1.4062347572167644e-46
205.0	8.508416481968685e-47
206.0	5.148074458053775e-47
207.0	3.114913680320146e-47
208.0	1.8847436136393835e-47
209.0	1.1404166881389233e-47
210.0	6.900488216749627e-48
211.0	4.175427982266591e-48
212.0	2.526545091918331e-48
213.0	1.5288255827112583e-48
214.0	9.251105112341373e-49
215.0	5.598014657522749e-49
216.0	3.3874987583313116e-49
217.0	2.0498822382277322e-49
218.0	1.2404615053508114e-49
219.0	7.506582119450968e-50
220.0	4.54261275548546e-50
221.0	2.748993282979646e-50
222.0	1.6635891811034727e-50
223.0	1.006752929665012e-50
224.0	6.092619883587857e-51
225.0	3.6871396998962976e-51
226.0	2.231410083002153e-51
227.0	1.350434241029865e-51
228.0	8.172815696633089e-52
229.0	4.946228172202857e-52
230.0	2.9935101079914276e-52
231.0	1.8117214075812798e-52
232.0	1.096493780424848e-52
233.0	6.636284002779832e-53
234.0	4.0164998440360094e-53
235.0	2.430941518315593e-53
236.0	1.4713134319197448e-53
237.0	8.905120228682419e-54
238.0	5.38986938418807e-54
239.0	3.262274699070485e-54
240.0	1.974543094047759e-54
241.0	1.1951336519057033e-54
242.0	7.233859552237761e-55
243.0	4.378520403058178e-55
244.0	2.65025925906256e-55
245.0	1.6041796047235456e-55
246.0	9.710044901012793e-56
247.0	5.877505905220167e-56
248.0	3.5576930010243673e-56
249.0	2.153512491881422e-56
250.0	1.3035563921149285e-56
251.0	7.890703527688198e-57
252.0	4.7764482372176467e-57
253.0	2.891331212099059e-57
254.0	1.7502254950464125e-57
255.0	1.0594818786264263e-57
256.0	6.413519204949296e-58
257.0	3.882420572478617e-58
258.0	2.3502391007706062e-58
259.0	1.422737495646192e-58
260.0	8.612728248024025e-59
261.0	5.213866701994844e-59
262.0	3.1563291834844008e-59
263.0	1.910767392135081e-59
264.0	1.1567419641618586e-59
265.0	7.002744428578797e-60
266.0	4.2393878848749335e-60
267.0	2.5664990098950796e-60
268.0	1.5537534063517567e-60
269.0	9.406457764553632e-61
270.0	5.694729852884914e-61
271.0	3.447649618909749e-61
272.0	2.087257714891279e-61
273.0	1.2636650162856387e-61
274.0	7.650516632605943e-62
275.0	4.6318283566485834e-62
276.0	2.804251895741998e-62
277.0	1.6977918234331516e-62
278.0	1.027909034812087e-62
279.0	6.223400331760582e-63
280.0	3.7679365742475124e-63
281.0	2.2812989388230497e-63
282.0	1.3812222422192725e-63
283.0	8.362721978302432e-64
284.0	5.0633093908819146e-64
285.0	3.06565983951877e-64
286.0	1.856163109923255e-64
287.0	1.1238567655138971e-64
288.0	6.804691299789102e-65
289.0	4.120107137834414e-65
290.0	2.4946590084865916e-65
291.0	1.5104851306778808e-65
292.0	9.145854378842856e-66
293.0	5.53776671746672e-66
294.0	3.353108146887573e-66
295.0	2.0303129144674544e-66
296.0	1.2293651245675675e-66
297.0	7.443912825427032e-67
298.0	4.507379552412165e-67
299.0	2.729288385868738e-67
300.0	1.6526357870824318e-67
301.0	1.0007078154051361e-67
302.0	6.059542375907689e-68
303.0	3.669228373968626e-68
304.0	2.2218361301429793e-68
305.0	1.3454007204314366e-68
306.0	8.146923182949087e-69
307.0	4.933304313030617e-69
308.0	2.987338902330816e-69
309.0	1.808978361816493e-69
310.0	1.0954297309587166e-69
311.0	6.633426712926868e-70
312.0	4.016923786570114e-70
313.0	2.4324923279811005e-70
314.0	1.473029969880259e-70
315.0	8.920185567971142e-71
316.0	5.4017985480976375e-71
317.0	3.2711846004227268e-71
318.0	1.9809516845262876e-71
319.0	1.1996232125894492e-71
320.0	7.264704810503104e-72
321.0	4.3993975047143824e-72
322.0	2.664222818062712e-72
323.0	1.613429440356827e-72
324.0	9.770830792194967e-73
325.0	5.917184024527385e-73
326.0	3.5834447723315154e-73
327.0	2.1701432298471705e-73
328.0	1.3142503817254762e-73
329.0	7.959207805424076e-74
330.0	4.8201836120556145e-74
331.0	2.9191695077317488e-74
332.0	1.7678972816200264e-74
333.0	1.0706726580784863e-74
334.0	6.484229155008823e-75
335.0	3.927009424184311e-75
336.0	2.3783045535489955e-75
337.0	1.4403728103731335e-75
338.0	8.723369611373627e-76
339.0	5.28318154005019e-76
340.0	3.199695744807599e-76
341.0	1.937865860608988e-76
342.0	1.1736554163118777e-76
343.0	7.108195426210534e-77
344.0	4.3050674201446865e-77
345.0	2.6073683530691174e-77
346.0	1.579161862955632e-77
347.0	9.564289609586515e-78
348.0	5.792694070069254e-78
349.0	3.5084093538789774e-78
350.0	2.1249157256857644e-78
351.0	1.286989292183892e-78
352.0	7.794888711705335e-79
353.0	4.721137587496479e-79
354.0	2.8594673229210574e-79
355.0	1.731910126162047e-79
356.0	1.0489801934774881e-79
357.0	6.353469333424062e-80
358.0	3.848188096049846e-80
359.0	2.3307910399279946e-80
360.0	1.4117313947019497e-80
361.0	8.550715983018844e-81
362.0	5.179103093984482e-81
363.0	3.136954993696204e-81
364.0	1.9000440412226988e-81
365.0	1.1508552050004266e-81
366.0	6.970747229863786e-82
367.0	4.222207807114121e-82
368.0	2.5574166380577834e-82
369.0	1.5490483432662076e-82
370.0	9.382747987020541e-83
371.0	5.683249441905248e-83
372.0	3.442428763514289e-83
373.0	2.085137865234077e-83
374.0	1.263008137819994e-83
375.0	7.650310729967437e-84
376.0	4.63397349633001e-84
377.0	2.806916878077008e-84
378.0	1.700227695266655e-84
379.0	1.0298788518430206e-84
380.0	6.23830646015289e-85
381.0	3.778755353035164e-85
382.0	2.2889291016474445e-85
383.0	1.386492083974408e-85
384.0	8.398542576425099e-86
385.0	5.0873537180137406e-86
386.0	3.081636476896839e-86
387.0	1.8666905763844817e-86
388.0	1.1307450983176889e-86
389.0	6.849494716015278e-87
390.0	4.149098939746862e-87
391.0	2.513335554952213e-87
392.0	1.5224694236047933e-87
393.0	9.222487954021074e-88
394.0	5.586618561408607e-88
395.0	3.3841635393954723e-88
396.0	2.0500056405699904e-88
397.0	1.2418243022378206e-88
398.0	7.522576813400232e-89
399.0	4.5569522544589816e-89
400.0	2.7604741810798798e-89
401.0	1.672223251899137e-89
402.0	1.0129923758759718e-89
403.0	6.1364816410349855e-90
404.0	3.717355012619832e-90
405.0	2.251904500174466e-90
406.0	1.364166004859796e-90
407.0	8.263914093809974e-91
408.0	5.006170953022225e-91
409.0	3.032681923300086e-91
410.0	1.837170009672182e-91
411.0	1.1129435163627097e-91
412.0	6.742146510381731e-92
413.0	4.084364821491079e-92
414.0	2.4742987816562143e-92
415.0	1.4989288636625375e-92
416.0	9.080529311306834e-93
417.0	5.5010116095914025e-93
418.0	3.332538743565157e-93
419.0	2.0188734448692026e-93
420.0	1.2230500252671057e-93
421.0	7.409357966776266e-94
422.0	4.4886749696421804e-94
423.0	2.719298978812439e-94
424.0	1.6473920811231256e-94
425.0	9.980175913462357e-95
426.0	6.046173714581753e-95
427.0	3.662893081589176e-95
428.0	2.2190600458169695e-95
429.0	1.344358357716258e-95
430.0	8.14445876502528e-96
431.0	4.934129919183529e-96
432.0	2.989235293775412e-96
433.0	1.8109680385247077e-96
434.0	1.0971414627511323e-96
435.0	6.646846101224751e-97
436.0	4.0268899986572865e-97
437.0	2.439636102028536e-97
438.0	1.4780239578403535e-97
439.0	8.9544523124856e-98
440.0	5.424974596569903e-98
441.0	3.286680676251008e-98
442.0	1.9912162623992913e-98
443.0	1.2063698125311832e-98
444.0	7.308758269723738e-99
445.0	4.428002290500193e-99
446.0	2.682706564940879e-99
447.0	1.6253226922265352e-99
448.0	9.84707197914222e-100
449.0	5.965896408684625e-100
450.0	3.6144762938716625e-100
451.0	2.1898588647860621e-100
452.0	1.32674646230268e-100
453.0	8.038237127917166e-101
454.0	4.870064883825738e-101
455.0	2.9505958993095226e-101
456.0	1.7876634901718642e-101
457.0	1.0830857723697414e-101
458.0	6.5620716941262e-102
459.0	3.9757596913152e-102
460.0	2.408797613509131e-102
461.0	1.4594241362533807e-102
462.0	8.842269722578274e-103
463.0	5.357312864578938e-103
464.0	3.245871136281683e-103
465.0	1.9666023186708028e-103
466.0	1.1915240811286297e-103
467.0	7.219217079926313e-104
468.0	4.373995923270577e-104
469.0	2.6501328053078943e-104
470.0	1.6056759022374618e-104
471.0	9.728572596600977e-105
472.0	5.894423523056164e-105
473.0	3.571367361636157e-105
474.0	2.163857633691399e-105
475.0	1.3110637481005193e-105
476.0	7.943646263983515e-106
477.0	4.813011976679434e-106
478.0	2.916184133052612e-106
479.0	1.7669078217624643e-106
480.0	1.0705668474958322e-106
481.0	6.486562842011975e-107
482.0	3.93021589753935e-107
483.0	2.3813274643679654e-107
484.0	1.4428552512842027e-107
485.0	8.742332798909473e-108
486.0	5.2970348312775926e-108
487.0	3.2095137586464986e-108
488.0	1.94467293715383e-108
489.0	1.1782971057189387e-108
490.0	7.13943689927702e-109
491.0	4.32587546368544e-109
492.0	2.621108303422344e-109
493.0	1.5881693744724364e-109
494.0	9.622979514311092e-110
495.0	5.830733544641962e-110
496.0	3.5329518257566813e-110
497.0	2.1406867378501478e-110
498.0	1.2970878777018685e-110
499.0	7.859348706650733e-111
500.0	4.762166634146102e-111
501.0	2.885515995591574e-111
502.0	1.7484098702380648e-111
503.0	1.0594095282400787e-111
504.0	6.419265789096025e-112
505.0	3.8896246714651075e-112
506.0	2.3568442629072446e-112
507.0	1.4280878481433412e-112
508.0	8.653261062427402e-113
509.0	5.243309939966411e-113
510.0	3.1771088362767814e-113
511.0	1.9251274628605047e-113
512.0	1.1665079906963476e-113
513.0	7.068329313380423e-114
514.0	4.28298602354754e-114
515.0	2.5952390135345467e-114
516.0	1.5725660083045892e-114
517.0	9.528866056460801e-115
518.0	5.773968004854206e-115
519.0	3.498713115252697e-115
520.0	2.1200353335690495e-115
521.0	1.284631799886035e-115
522.0	7.784218852412965e-116
523.0	4.7168515006589344e-116
524.0	2.858183868017606e-116
525.0	1.7319243351947983e-116
526.0	1.0494661934809037e-116
527.0	6.359292142621768e-117
528.0	3.853451365320544e-117
529.0	2.335026245661157e-117
530.0	1.4149282793311846e-117
531.0	8.573889064269437e-118
532.0	5.195436766532923e-118
533.0	3.148234211899475e-118
534.0	1.907711813761283e-118
535.0	1.1560038106384e-118
536.0	7.004973890749279e-119
537.0	4.2447736035004894e-119
538.0	2.572191483861257e-119
539.0	1.558665096607798e-119
540.0	9.445024135294623e-120
541.0	5.723399726767747e-120
542.0	3.468213518995964e-120
543.0	2.101639944912156e-120
544.0	1.2735369157539503e-120
545.0	7.717302005053693e-121
546.0	4.676491883052674e-121
547.0	2.83384180088693e-121
548.0	1.71724296184645e-121
549.0	1.0406114762642441e-121
550.0	6.3058871982265e-122
551.0	3.821241643965492e-122
552.0	2.315599897436649e-122
553.0	1.403211883290834e-122
554.0	8.503225496475825e-123
555.0	5.152818508577537e-123
556.0	3.1225305847877553e-123
557.0	1.892209672593744e-123
558.0	1.1466543299242202e-123
559.0	6.948586526978081e-124
560.0	4.210766114975486e-124
561.0	2.5516814787624796e-124
562.0	1.546295504310794e-124
563.0	9.37042335301178e-125
564.0	5.678408304052491e-125
565.0	3.4410794834156807e-125
566.0	2.0852756483362874e-125
567.0	1.2636677929999423e-125
568.0	7.657782681521733e-126
569.0	4.640596745821394e-126
570.0	2.8121941181667176e-126
571.0	1.704187707318023e-126
572.0	1.0327381658479768e-126
573.0	6.258405365285087e-127
574.0	3.792606747629986e-127
575.0	2.2983311132899506e-127
576.0	1.3927976840810474e-127
577.0	8.440421404285478e-128
578.0	5.114943920948368e-128
579.0	3.0996900767357603e-128
580.0	1.8784356290989725e-128
581.0	1.1383478895822835e-128
582.0	6.89849477435765e-129
583.0	4.180558582777078e-129
584.0	2.5334651029988833e-129
585.0	1.535310344469559e-129
586.0	9.30417906665964e-130
587.0	5.638460944597113e-130
588.0	3.416990121258188e-130
589.0	2.0707491793603418e-130
590.0	1.2549080306795384e-130
591.0	7.604959804647045e-131
592.0	4.608743828920572e-131
593.0	2.792986489044328e-131
594.0	1.6926053843048433e-131
595.0	1.0257539941781352e-131
596.0	6.216290887083141e-132
597.0	3.7672119245850816e-132
598.0	2.283018258334435e-132
599.0	1.3835642273056688e-132
600.0	8.384745201499186e-133
601.0	5.0813723245469654e-133
602.0	3.079447236927346e-133
603.0	1.8662297825913912e-133
604.0	1.130988168560059e-133
605.0	6.85411840750294e-134
606.0	4.1538014830436743e-134
607.0	2.5173318035317104e-134
608.0	1.5255827786824183e-134
609.0	9.245527186170625e-135
610.0	5.603097346385427e-135
611.0	3.395668135177022e-135
612.0	2.057893485458303e-135
613.0	1.2471569901291587e-135
614.0	7.55822708340557e-136
615.0	4.580567872561791e-136
616.0	2.7759988606583176e-136
617.0	1.6823634193460938e-136
618.0	1.0195790899893405e-136
619.0	6.179062559963604e-137
620.0	3.7447672591931133e-137
621.0	2.2694866624112645e-137
622.0	1.3754062755607376e-137
623.0	8.335562834686055e-138
624.0	5.0517216995567113e-138
625.0	3.061571894567888e-138
626.0	1.855453451479283e-138
627.0	1.1244916081576454e-138
628.0	6.814953962002854e-139
629.0	4.1301914615098014e-139
630.0	2.5030987974254905e-139
631.0	1.5170026719410611e-139
632.0	9.193804091777777e-140
633.0	5.571917640721348e-140
634.0	3.3768725792100863e-140
635.0	2.0465633801963662e-140
636.0	1.2403271857546242e-140
637.0	7.517057347218983e-141
638.0	4.555751211371173e-141
639.0	2.7610398106462193e-141
640.0	1.673346461928793e-141
641.0	1.014143942776774e-141
642.0	6.146301508008553e-142
643.0	3.725020331103543e-142
644.0	2.2575842121645527e-142
645.0	1.3682321615706856e-142
646.0	8.292321889075894e-143
647.0	5.0256591410619705e-143
648.0	3.0458634274116204e-143
649.0	1.8459857314187982e-143
650.0	1.118785345106373e-143
651.0	6.780562321813205e-144
652.0	4.1094638791667705e-144
653.0	2.490606595104632e-144
654.0	1.5094739040568564e-144
655.0	9.148430487142281e-145
656.0	5.5445726946866614e-145
657.0	3.3603930345065944e-145
658.0	2.0366320451631272e-145
659.0	1.2343421840501989e-145
660.0	7.4809899270313125e-146
661.0	4.534016195090748e-146
662.0	2.74794199472196e-146
663.0	1.6654536500822569e-146
664.0	1.0093877603560888e-146
665.0	6.117641317457135e-147
666.0	3.7077502892413976e-147
667.0	2.2471777913790145e-147
668.0	1.3619616499219617e-147
669.0	8.254538743942105e-148
670.0	5.002893143142615e-148
671.0	3.0321461266623963e-148
672.0	1.837720710873127e-148
673.0	1.1138055388501595e-148
674.0	6.750558670449143e-149
675.0	4.091386775386496e-149
676.0	2.479715373614552e-149
677.0	1.50291219081395e-149
678.0	9.108898309233907e-150
679.0	5.520756246721504e-150
680.0	3.346044884389791e-150
681.0	2.0279881911901363e-150
682.0	1.2291348980142197e-150
683.0	7.44962040773022e-151
684.0	4.515119031489404e-151
685.0	2.7365584472379963e-151
686.0	1.658596387570375e-151
687.0	1.0052571332690822e-151
688.0	6.092760011554103e-152
689.0	3.6927630296878507e-152
690.0	2.238150383444836e-152
691.0	1.3565241959565448e-152
692.0	8.221788110278051e-153
693.0	4.983167311967434e-153
694.0	3.020265419060194e-153
695.0	1.830565200868938e-153
696.0	1.10949600727907e-153
697.0	6.724604292536051e-154
698.0	4.075755941060376e-154
699.0	2.470302015783142e-154
700.0	1.4972433046038332e-154
701.0	9.074760034800895e-155
702.0	5.500198479997364e-155
703.0	3.3336654520148403e-155
704.0	2.0205337370894806e-155
705.0	1.2246461920539962e-155
706.0	7.422592243425095e-156
707.0	4.4988447469538366e-156
708.0	2.7267595523480357e-156
709.0	1.6526965234430167e-156
710.0	1.0017049406101388e-156
711.0	6.071373473973306e-157
712.0	3.6798872427507735e-157
713.0	2.2303986953709938e-157
714.0	1.351857517618931e-157
715.0	8.193694446380613e-158
716.0	4.966255205762805e-158
717.0	3.0100847651833264e-158
718.0	1.824436870538873e-158
719.0	1.1058071059736162e-158
720.0	6.702399836681971e-159
721.0	4.0623908687013463e-159
722.0	2.46225767566887e-159
723.0	1.492401610903899e-159
724.0	9.045619882349404e-160
725.0	5.482660733386635e-160
726.0	3.3231108207668716e-160
727.0	2.014181898151721e-160
728.0	1.2208237328222723e-160
729.0	7.399589848771606e-161
730.0	4.485003033003436e-161
731.0	2.718430546903804e-161
732.0	1.647684850744739e-161
733.0	9.986894474184433e-162
734.0	6.053230022086514e-162
735.0	3.668971150220519e-162
736.0	2.22383119608398e-162
737.0	1.3479064159841882e-162
738.0	8.169924866187517e-163
739.0	4.951956070846492e-163
740.0	3.001483095647455e-163
741.0	1.8192627055620982e-163
742.0	1.1026948012874817e-163
743.0	6.683679741986666e-164
744.0	4.051131401103367e-164
745.0	2.4554857633761385e-164
746.0	1.4883288565176425e-164
747.0	9.021126525572108e-165
748.0	5.467931119840606e-165
749.0	3.3142531994374627e-165
750.0	2.0088556017148442e-165
751.0	1.2176210364201464e-165
752.0	7.380332869267401e-166
753.0	4.473424800656358e-166
754.0	2.711469448356635e-166
755.0	1.6434998604016018e-166
756.0	9.961735552856743e-167
757.0	6.03810590018871e-167
758.0	3.659879795007511e-167
759.0	2.2183664864045456e-167
760.0	1.344621794943257e-167
761.0	8.150183243492773e-168
762.0	4.940091295757697e-168
763.0	2.9943526785074443e-168
764.0	1.8149777255400557e-168
765.0	1.1001198989191372e-168
766.0	6.668207598277255e-169
767.0	4.041834940717586e-169
768.0	2.4499002665936195e-169
769.0	1.484973160028206e-169
770.0	9.000967021154975e-170
771.0	5.455820874059729e-170
772.0	3.30697872538031e-170
773.0	2.004486165768432e-170
774.0	1.2149966735723473e-170
775.0	7.364571400300383e-171
776.0	4.463959304605192e-171
777.0	2.7057853248797925e-171
778.0	1.640086700648776e-171
779.0	9.941241764141546e-172
780.0	6.025801514188511e-172
781.0	3.6524927761241895e-172
782.0	2.213931936513822e-172
783.0	1.3419598415545574e-172
784.0	8.134205281202652e-173
785.0	4.9305014450499765e-173
786.0	2.9885973348438545e-173
787.0	1.811523910514996e-173
788.0	1.098047398113405e-173
789.0	6.655772260984982e-174
790.0	4.034374112340335e-174
791.0	2.4454243444388977e-174
792.0	1.482288165830067e-174
793.0	8.984861719222362e-175
794.0	5.446161290461194e-175
795.0	3.301185622281185e-175
796.0	2.0010121905884736e-175
797.0	1.2129136027807704e-175
798.0	7.352081975029958e-176
799.0	4.456471729281998e-176
800.0	2.7012968429834938e-176
801.0	1.6373963031692277e-176
802.0	9.925117078321972e-177
803.0	6.016138268041953e-177
804.0	3.646702345194136e-177
805.0	2.210462540627296e-177
806.0	1.3398813368983016e-177
807.0	8.121754364678682e-178
808.0	4.923043764182004e-178
809.0	2.9841309374050063e-178
810.0	1.8088492975633964e-178
811.0	1.0964459480511666e-178
812.0	6.646184580035649e-179
813.0	4.028634794739043e-179
814.0	2.4419891429891174e-179
815.0	1.4802323313667629e-179
816.0	8.972559974201876e-180
817.0	5.438801142116514e-180
818.0	3.296782646942364e-180
819.0	1.9983786240445383e-180
820.0	1.211338607839673e-180
821.0	7.342664179406885e-181
822.0	4.4508411517891346e-181
823.0	2.697931041602504e-181
824.0	1.6353846453295412e-181
825.0	9.9130958739793e-182
826.0	6.008955891694435e-182
827.0	3.642411798340529e-182
828.0	2.2078999491848926e-182
829.0	1.3383510736125194e-182
830.0	8.112618056231974e-183
831.0	4.917590069739533e-183
832.0	2.980876140828376e-183
833.0	1.8069072165681586e-183
834.0	1.0952873878889295e-183
835.0	6.639274631482384e-184
836.0	4.0245144544434015e-184
837.0	2.439532792421574e-184
838.0	1.478768323524019e-184
839.0	8.963836511769849e-185
840.0	5.4336044940252035e-185
841.0	3.2936877730859174e-185
842.0	1.9965359693708288e-185
843.0	1.210241820982897e-185
844.0	7.336137781906148e-186
845.0	4.446958814214445e-186
846.0	2.6956222921510966e-186
847.0	1.6340121242007843e-186
848.0	9.904939169970444e-187
849.0	6.004110172939848e-187
850.0	3.6395341108769633e-187
851.0	2.2061916469941226e-187
852.0	1.3373373611676166e-187
853.0	8.106605117035684e-188
854.0	4.914024956709914e-188
855.0	2.978763302462139e-188
856.0	1.8056556405727435e-188
857.0	1.0945463556793333e-188
858.0	6.6348893632383234e-189
859.0	4.021920728478073e-189
860.0	2.437999553814601e-189
861.0	1.477862504996518e-189
862.0	8.958488336706567e-190
863.0	5.430448841587858e-190
864.0	3.291827070670263e-190
865.0	1.9954396104815192e-190
866.0	1.209596316700645e-190
867.0	7.33234028814537e-191
868.0	4.4447266514045794e-191
869.0	2.694311412169673e-191
870.0	1.633243022926094e-191
871.0	9.900431412644081e-192
872.0	6.001471023113554e-192
873.0	3.637990772720874e-192
874.0	2.2052902520625524e-192
875.0	1.3368116037073157e-192
876.0	8.103542965372895e-193
877.0	4.912244268119313e-193
878.0	2.977729560942182e-193
879.0	1.8050566309921312e-193
880.0	1.0941999543307629e-193
881.0	6.632890583787976e-194
882.0	4.020770213338853e-194
883.0	2.4373390899668345e-194
884.0	1.477484495230718e-194
885.0	8.956332089207544e-195
886.0	5.429223518748391e-195
887.0	3.2911337473722768e-195
888.0	1.9950492348061986e-195
889.0	1.2093777642005771e-195
890.0	7.331124848167261e-196
891.0	4.4440560308186565e-196
892.0	2.6939449065126453e-196
893.0	1.6330450537879005e-196
894.0	9.899377724318893e-197
895.0	6.000920820193208e-197
896.0	3.637710790637832e-197
897.0	2.205152914762555e-197
898.0	1.3367479382311738e-197
899.0	8.103275497786362e-198
900.0	4.912153782928649e-198
901.0	2.9777180460355324e-198
902.0	1.8050758617735764e-198
903.0	1.0942274650495064e-198
904.0	6.633153236479968e-199
905.0	4.020987425730751e-199
906.0	2.437505839523463e-199
907.0	1.4776067935032437e-199
908.0	8.957201774916967e-200
909.0	5.4298283309284e-200
910.0	3.291547325274489e-200
911.0	1.9953283374481924e-200
912.0	1.2095641287844897e-200
913.0	7.332358457950801e-201
914.0	4.4448666693601014e-201
915.0	2.694474314988081e-201
916.0	1.6333889653086698e-201
917.0	9.901601536933048e-202
918.0	6.002352983582545e-202
919.0	3.6386298298531553e-202
920.0	2.2057408008306265e-202
921.0	1.337122923206817e-202
922.0	8.105661213585172e-203
923.0	4.9136680864126635e-203
924.0	2.978677198258682e-203
925.0	1.8056822095921797e-203
926.0	1.094610100507323e-203
927.0	6.635563912797276e-204
928.0	4.0225039070687746e-204
929.0	2.4384584775896274e-204
930.0	1.4782044540278403e-204
931.0	8.960946807967165e-205
932.0	5.432172376257938e-205
933.0	3.2930129308356155e-205
934.0	1.9962437934951073e-205
935.0	1.2101354142260186e-205
936.0	7.335920407588552e-206
937.0	4.4470856986113046e-206
938.0	2.69585564928261e-206
939.0	1.6342482030678247e-206
940.0	9.906942548878188e-207
941.0	6.0056707433425376e-207
942.0	3.6406894726486655e-207
943.0	2.2070186447518325e-207
944.0	1.3379152695299482e-207
945.0	8.110571594148578e-208
946.0	4.916709593843877e-208
947.0	2.9805601807354646e-208
948.0	1.806847399546307e-208
949.0	1.0953307914016114e-208
950.0	6.640019566550099e-209
951.0	4.025257448874006e-209
952.0	2.440159449083874e-209
953.0	1.479254804832378e-209
954.0	8.967430317383924e-210
955.0	5.436173025282843e-210
956.0	3.295480680216263e-210
957.0	1.9977654877088562e-210
958.0	1.2110734396748533e-210
959.0	7.341700937229327e-211
960.0	4.450646855087143e-211
961.0	2.698048905114996e-211
962.0	1.635598615788637e-211
963.0	9.915254954238567e-212
964.0	6.010786073343099e-212
965.0	3.643836575606251e-212
966.0	2.2089543625066954e-212
967.0	1.3391056072077982e-212
968.0	8.117889697197766e-213
969.0	4.9212077035433954e-213
970.0	2.983324368906605e-213
971.0	1.8085456977036102e-213
972.0	1.096374001210971e-213
973.0	6.646426397748611e-214
974.0	4.0291914202849986e-214
975.0	2.4425745635490765e-214
976.0	1.4807372036205671e-214
977.0	8.976527676073385e-215
978.0	5.441755034627526e-215
979.0	3.298905145228174e-215
980.0	1.9998659927355075e-215
981.0	1.2123616457640428e-215
982.0	7.34960006876903e-216
983.0	4.4554897762655377e-216
984.0	2.701017638053851e-216
985.0	1.637418199741505e-216
986.0	9.926405902655306e-217
987.0	6.017618763222627e-217
988.0	3.648022710392884e-217
989.0	2.211518714600843e-217
990.0	1.3406762823065197e-217
991.0	8.127508933235874e-218
992.0	4.927098059573565e-218
993.0	2.986930906234164e-218
994.0	1.8107536433698003e-218
995.0	1.0977255648600577e-218
996.0	6.654698880387329e-219
997.0	4.034254182192505e-219
998.0	2.445672642102585e-219
1000.0	8.988125218733544e-220
